23 94
1011001011111011111101111100110111011010101011110001001000011001010110011001001100111101000011
1111000110011111110111000101111110111000110011011111110001000010001101110001001101011011011110
1010110011001001110111001000110101100101110000001010110100100010110110011010100100000001001011
1111010110110000011110110010010101010010100011110100011101011010010110111000110000111100100110
0010001010000110011110010000110000010000100010000001011111110001011111000101111001111101100111
0011011100010100100001101011101010101100000001001110011010001000101110110111010001011001001111
1001110111001111101101100101000001110101001000110111010000110111110011001101010011011010110111
0011010101011001010101110000110010100101110001001111101011000000100101010101101101010111110100
1100000000011001010110101000110111011100110100010111111000111110110000011111000111110010110100
1111010001101011111110011001110101000111111111111000110100000011010010100010100101001101111001
0011100101011111001001011101110110101110010111000100001000100001100000010101111111101001010010
1110001110101011101100101011101111110000001111001010101010000111101000110001101100100110101010
0011110111100100100100011110010101100111110000001101000001101010111101110111010011010010010011
1110001010111000111100111010100010000111100100011000101101011001101011000010101100010110111011
0101000011100001100100000011111001101010111011111111000111001110010010000111000001011110111001
1000100110001110101111001001011110111011011001000010001010010110001010100011101101110011101111
0001111110001000101000110000110001110101000010101111001111100010011101011101101101111000110111
0001001101110110011101010111010011100000101000110110010100011100010010000011101100011011011010
0111010011011100001100000110101111000100000001100000011100100010000000111011000010111110101111
0111001110001111111101000001001111001101010101000001101011000001011100000011001011111010110001
0001111110001011100100101101011101110111001000101110011001101000101100101001000000001111110000
0000010001000111000111101011100001011011101110100000011000011110011101101000111010101001101010
1110101010001101100110000001010001100011011000000100110000000011100011110010000100011010001011
