31 125
101001111001110100010111001100101011001001100100100100001010110001110011110011011001001010100000011100011000000000101011111001
101001111010001001000100011011100110001101001101100110100011101001100000010110110110000101110000110100011101101000000111111110
110011100000101010010100011010100000000110101101110011110110111001011110101101100010110011101111010110100010111001111011111111
011110010000001010111011001010100011011101010000000000011000100011010101001010110011110001011100000011110101101011110000001011
000011110011110001110110101011010011011010010000111111100101101111100011100001101101010010011001010110001001001100110000000001
110100000001110101000101101110001010000011001010000001000110000011100011100001010000101111111011111011001001100110111110101011
000101110100110101011101111100100110101011011101101110001111000011101110000100101010101001001111101010111001101010001110001010
010001100101010010011011001100101000100111101011001110110101111111101110110110000001001100110000001010010000101001100101010011
110010011110011110001001000100011000001101001111110001101110000100111100110010011111101011001101110000001001100100100100101001
010110111111100101001000101000101000111100101101010010011110000101000101100001011101011000110110111100110111110111100011000001
000000111100100010110000110101001101011101101011100001110011110000111010010111110001001110010100100110101111001110000011001000
011000011011001001011101001011000011101110011111111000001000111101011101001111001011111101000110011110101011101010110001000100
110010000001011110110011100011111001111011011000001010111001001010101000000000101010110100110100110000111101001011101100111111
101010001000011110101000110100100000111001011101010100011101010011001010110111100110000110111010110101001101101011101001100100
101001101011110010000110100001111001101010110001111110101011011010000010011100001100000000010110100111000011011001101111111011
101001011000101011101101110001101010000011101100110110100100100111110010010001110011111110100011100011000111111111000100110011
100111101010100111010110100110110110101111011011010110110000110001001111011000000110111001001010111101001101101111101001101000
011110110101010111001111110101110111101101001110101110010101000100000011111011100111110010000001010101101010011100110110011010
000101111100011101100110010111110110111110100001101001000000100110111011111100101110000011100011111001100100010011010111011001
101011010010100101101101010001011110101101010111011110011111100110011010011100100101110111110000011100111001000101100001111100
100011111001001001110101111100001110101110011010000000101111010100010111110111010010100100101000001010001001110100101111111011
011101011001101111000011010010010011011011110011000000010101000001110110011100111101100000001100101101011101111101110010000100
010101000110100000111011110000101011100000001110101001001111011110001111000010011110001100100100101101100010111100111001010010
111000101001110110110001000100000001001000111100111100111010000011011010100111000010111010100110010101110111011010111101101000
000001011110011010000011101100100011001010011010111111010010001011110101110001000111000011000000101101111101101111110001010100
010000000000100101001110101011111001100011010100001011000010100010010000010110101110010100101110111000111100001000010010001110
110011111111110101011010001011111100010101100110101010111101100110100011111000111011110101000010111110101101001111011100111000
110001001011010101111100001000000010111010011000001001010110011101010111010011111000111111000100100111111101100101101100110000
101100111010001100000000001110000111110111110101010000000010011000000111111110010010111110000100101100000001011001000111100111
000100011110110011110010100101000001110100110001111110011111010011001011011111010110011001010100010011000110000110101000000000
011110111000011011110000000101110101010000111101010001110010011100101101101000110011011101110011110110100010100101111000001011