20 30
100111011110100101011110011110
101010111001101110001111001111
100100000001011110011100010000
110001100110111111111001111001
101111101111110101011100101111
001100100010010100010110001001
000110000110100000100001000100
111010110111001010111011111000
010110011010001100110101000001
111010101100100111010011000010
010010111111001000101110010011
000011110111010001001010110011
111011101010001111000001011101
001010110110000010111000011111
101001010100010111000000010100
101100100101001000010100010010
001100111011010101000001000000
011101001011000110111000011001
011010000011010111011100110010
111001100100100011111001000010